# wlstart: 490.0
# wlend: 1000.0
# countthresh: 10000
# aqpixstart: 46
# aqpixend: 963
#  wavelenth in nm 	 intensity in counts
4.901120000000000232e+02	1.151412966008771965e+00
4.906720000000000255e+02	2.722901589912281595e-01
4.912320000000000277e+02	1.046676123903508948e+00
4.917919999999999732e+02	1.794746299342105056e+00
4.923519999999999754e+02	1.218255071271929779e+00
4.929119999999999777e+02	2.470270010964911167e-01
4.934719999999999800e+02	-4.742010690789474348e-01
4.940319999999999823e+02	7.738691063596490061e-01
4.945930000000000177e+02	1.149136650219298339e+00
4.951530000000000200e+02	1.112119106359649168e+00
4.957130000000000223e+02	2.048785773026315482e+00
4.962730000000000246e+02	1.301892817982457096e-01
4.968330000000000268e+02	2.379085800438597575e-01
4.973929999999999723e+02	2.187733141447368190e+00
4.979529999999999745e+02	2.589312088815789448e+00
4.985129999999999768e+02	8.987857730263156819e-01
4.990729999999999791e+02	6.161541940789472260e-01
4.996329999999999814e+02	7.370313870614034757e-01
5.001929999999999836e+02	4.456278782894735890e-01
5.007529999999999859e+02	3.735226151315786391e-01
5.013129999999999882e+02	1.902294544956140365e+00
5.018729999999999905e+02	1.233698053728070176e+00
5.024329999999999927e+02	1.472996299342105297e+00
5.029929999999999950e+02	1.137733141447368368e+00
5.035529999999999973e+02	1.798084018640350834e+00
5.041129999999999995e+02	-1.775300164473684328e-01
5.046730000000000018e+02	-2.364773848684210422e-01
5.052330000000000041e+02	9.896629660087719049e-01
5.057930000000000064e+02	9.614173519736842755e-01
5.063530000000000086e+02	3.191366502192985455e-01
5.069130000000000109e+02	1.935627878289473802e+00
5.074730000000000132e+02	-6.496352796052631273e-01
5.080330000000000155e+02	6.729962993421053641e-01
5.085930000000000177e+02	-1.710387883771929129e-01
5.091530000000000200e+02	-2.212142269736841194e-01
5.097130000000000223e+02	7.198384046052630492e-01
5.102730000000000246e+02	-8.171791392543859001e-01
5.108330000000000268e+02	-4.243721217105261845e-01
5.113929999999999723e+02	5.035226151315788101e-01
5.119529999999999745e+02	1.479662966008771896e+00
5.125119999999999436e+02	1.093077028508769449e-01
5.130720000000000027e+02	-6.513940515350876703e-01
5.136319999999999482e+02	-1.091920367324561658e+00
5.141920000000000073e+02	-3.482361567982455997e-01
5.147519999999999527e+02	-4.753440241228090724e-02
5.153120000000000118e+02	-4.661308936403508185e-01
5.158719999999999573e+02	5.538691063596489217e-01
5.164320000000000164e+02	-5.401659813596491055e-01
5.169919999999999618e+02	7.868515624999998792e-01
5.175520000000000209e+02	1.533427905701755245e-01
5.181119999999999663e+02	8.575533168859648114e-01
5.186720000000000255e+02	2.667612390350888527e-02
5.192309999999999945e+02	-9.094686129385964879e-01
5.197910000000000537e+02	-4.728019462719295629e-01
5.203509999999999991e+02	4.550927905701754317e-01
5.209109999999999445e+02	9.838647203947366027e-01
5.214710000000000036e+02	-6.540300164473683564e-01
5.220309999999999491e+02	-4.410475603070177497e-01
5.225910000000000082e+02	4.342155975877193264e-01
5.231509999999999536e+02	-9.843808936403510845e-01
5.237100000000000364e+02	4.873691063596493067e-01
5.242699999999999818e+02	-1.593508086622807074e+00
5.248300000000000409e+02	-7.621045778508770407e-01
5.253899999999999864e+02	-5.973677357456140813e-01
5.259500000000000455e+02	1.726322642543861585e-01
5.265099999999999909e+02	1.819825246710526256e+00
5.270689999999999600e+02	2.607364720394736768e+00
5.276290000000000191e+02	-4.822844024122805995e-01
5.281889999999999645e+02	-1.684247532894738442e-01
5.287490000000000236e+02	3.139980811403519229e-02
5.293089999999999691e+02	2.619261239035086120e-01
5.298680000000000518e+02	-1.516323876096490997e+00
5.304279999999999973e+02	1.133252467105263089e-01
5.309880000000000564e+02	-8.158703399122782529e-02
5.315480000000000018e+02	-7.501835252192982084e-01
5.321079999999999472e+02	5.461322642543857686e-01
5.326670000000000300e+02	3.542612390350890345e-02
5.332269999999999754e+02	-2.352124451754396620e-02
5.337870000000000346e+02	4.175313870614036360e-01
5.343469999999999800e+02	-1.185275630482456322e+00
5.349059999999999491e+02	2.952462993421050563e-01
5.354660000000000082e+02	-1.404051946271929863e+00
5.360259999999999536e+02	-2.437010690789475631e-01
5.365860000000000127e+02	4.385796326754386465e-01
5.371449999999999818e+02	1.226119106359649047e+00
5.377050000000000409e+02	2.899787554824563296e-01
5.382649999999999864e+02	-2.601966831140351544e-01
5.388250000000000455e+02	3.299787554824563651e-01
5.393840000000000146e+02	8.938340186403509469e-01
5.399439999999999600e+02	6.375182291666664502e-01
5.405040000000000191e+02	1.569798930921052715e+00
5.410639999999999645e+02	8.134831414473682187e-01
5.416230000000000473e+02	4.211980537280703984e-01
5.421829999999999927e+02	1.085934895833333247e+00
5.427430000000000518e+02	1.276987527412280832e+00
5.433020000000000209e+02	1.919790158991228068e+00
5.438619999999999663e+02	1.882772615131578897e+00
5.444220000000000255e+02	6.045270010964913787e-01
5.449809999999999945e+02	2.185926123903508600e+00
5.455410000000000537e+02	1.863820860745614372e+00
5.461009999999999991e+02	1.559259457236842117e+00
5.466599999999999682e+02	1.215219983552631389e+00
5.472200000000000273e+02	1.450132264254386127e+00
5.477799999999999727e+02	2.332901589912279583e-01
5.483390000000000555e+02	4.418822642543862034e-01
5.488990000000000009e+02	9.267945449561403315e-01
5.494589999999999463e+02	7.318822642543857393e-01
5.500180000000000291e+02	-3.358414199561401969e-01
5.505779999999999745e+02	1.381527001096491070e+00
5.511380000000000337e+02	-1.949642269736840683e-01
5.516970000000000027e+02	5.574875274122806923e-01
5.522569999999999482e+02	-2.338966557017566755e-02
5.528160000000000309e+02	3.387112116228071512e-01
5.533759999999999764e+02	2.099191337719287856e-02
5.539360000000000355e+02	9.269568256578949450e-01
5.544950000000000045e+02	2.056601562500000036e+00
5.550549999999999500e+02	1.002040158991227781e+00
5.556140000000000327e+02	5.878252467105264945e-01
5.561739999999999782e+02	1.911585800438595495e-01
5.567340000000000373e+02	1.158527001096491427e+00
5.572930000000000064e+02	2.310101562499999872e+00
5.578529999999999518e+02	5.055401589912278393e-01
5.584120000000000346e+02	1.351848958333334849e-01
5.589719999999999800e+02	1.199044544956140212e+00
5.595309999999999491e+02	1.398864720394736638e+00
5.600910000000000082e+02	-1.425387883771929431e-01
5.606499999999999773e+02	7.897375274122806488e-01
5.612100000000000364e+02	2.239562088815789664e+00
5.617690000000000055e+02	1.869206825657894866e+00
5.623289999999999509e+02	2.078577302631557516e-02
5.628880000000000337e+02	1.821483141447368670e+00
5.634479999999999791e+02	1.600255071271929674e+00
5.640080000000000382e+02	1.269377878289473793e+00
5.645670000000000073e+02	2.258671737938596547e+00
5.651259999999999764e+02	2.502351562499999904e+00
5.656860000000000355e+02	1.149544544956140557e+00
5.662450000000000045e+02	3.419540158991228207e+00
5.668049999999999500e+02	2.233399808114034713e+00
5.673640000000000327e+02	2.845500685307017719e+00
5.679239999999999782e+02	2.466377878289473635e+00
5.684829999999999472e+02	2.666198053728070061e+00
5.690430000000000064e+02	2.300233141447368457e+00
5.696019999999999754e+02	3.947421737938596298e+00
5.701620000000000346e+02	4.015667351973684518e+00
5.707210000000000036e+02	3.632154194078947462e+00
5.712809999999999491e+02	3.393382264254385827e+00
5.718400000000000318e+02	2.961623492324561457e+00
5.723990000000000009e+02	3.766706825657894608e+00
5.729589999999999463e+02	4.150741913377192560e+00
5.735180000000000291e+02	2.697053316885964946e+00
5.740779999999999745e+02	2.800386650219298001e+00
5.746369999999999436e+02	3.517750685307017289e+00
5.751960000000000264e+02	2.537746299342105161e+00
5.757559999999999718e+02	2.855991913377192937e+00
5.763150000000000546e+02	3.371601562500000426e+00
5.768750000000000000e+02	2.628443667763157965e+00
5.774339999999999691e+02	3.332649808114034773e+00
5.779930000000000518e+02	3.462294544956140641e+00
5.785529999999999973e+02	3.368259457236842280e+00
5.791119999999999663e+02	2.923342790570175431e+00
5.796710000000000491e+02	3.500355948464912714e+00
5.802309999999999945e+02	4.388777001096491048e+00
5.807899999999999636e+02	4.014035773026315645e+00
5.813490000000000464e+02	4.003329632675439065e+00
5.819089999999999918e+02	3.514557702850876986e+00
5.824679999999999609e+02	4.367886650219297451e+00
5.830270000000000437e+02	3.572092790570175591e+00
5.835869999999999891e+02	5.188584018640351125e+00
5.841459999999999582e+02	5.752439281798245041e+00
5.847050000000000409e+02	4.360154194078947221e+00
5.852649999999999864e+02	6.406469983552630865e+00
5.858239999999999554e+02	6.386991913377193519e+00
5.863830000000000382e+02	6.354355948464912807e+00
5.869429999999999836e+02	7.106812088815789075e+00
5.875019999999999527e+02	7.740842790570175325e+00
5.880610000000000355e+02	8.059084018640351843e+00
5.886200000000000045e+02	7.605395422149122453e+00
5.891799999999999500e+02	7.647325246710525271e+00
5.897390000000000327e+02	9.483110334429824206e+00
5.902980000000000018e+02	1.035398314144736709e+01
5.908569999999999709e+02	9.873978755482456293e+00
5.914170000000000300e+02	1.131064542214912194e+01
5.919759999999999991e+02	1.228678138706140466e+01
5.925349999999999682e+02	1.360502261513157762e+01
5.930940000000000509e+02	1.261624629934210517e+01
5.936530000000000200e+02	1.375466296600877314e+01
5.942129999999999654e+02	1.415624191337719218e+01
5.947720000000000482e+02	1.639553577302631382e+01
5.953310000000000173e+02	1.655149629934210509e+01
5.958899999999999864e+02	1.672500068530701611e+01
5.964489999999999554e+02	1.842043489583333482e+01
5.970090000000000146e+02	1.844482086074561522e+01
5.975679999999999836e+02	1.826744805372807079e+01
5.981269999999999527e+02	2.021288226425438950e+01
5.986860000000000355e+02	2.107059717653508812e+01
5.992450000000000045e+02	2.173971559758771832e+01
5.998039999999999736e+02	2.208427261513157802e+01
6.003630000000000564e+02	2.339374191337719466e+01
6.009230000000000018e+02	2.385672436951754349e+01
6.014819999999999709e+02	2.447759717653508815e+01
6.020410000000000537e+02	2.572127700109649240e+01
6.026000000000000227e+02	2.578074629934210549e+01
6.031589999999999918e+02	2.522618050986842064e+01
6.037179999999999609e+02	2.901810594846491043e+01
6.042770000000000437e+02	2.813897875548245509e+01
6.048360000000000127e+02	2.919844805372807173e+01
6.053949999999999818e+02	2.833686472039473969e+01
6.059550000000000409e+02	2.967704015899122894e+01
6.065140000000000100e+02	3.102159717653508864e+01
6.070729999999999791e+02	3.207668050986842445e+01
6.076319999999999482e+02	3.240369366776315729e+01
6.081910000000000309e+02	3.438421559758771906e+01
6.087500000000000000e+02	3.617175507127193157e+01
6.093089999999999691e+02	3.688911910635965086e+01
6.098680000000000518e+02	3.786086910635965097e+01
6.104270000000000209e+02	3.896858401864034960e+01
6.109859999999999900e+02	3.987783401864035682e+01
6.115449999999999591e+02	4.275638226425438404e+01
6.121040000000000418e+02	4.408668489583332928e+01
6.126630000000000109e+02	4.514505770285087749e+01
6.132219999999999800e+02	4.498961472039473364e+01
6.137809999999999491e+02	4.600522436951754202e+01
6.143400000000000318e+02	4.797258840460526130e+01
6.148990000000000009e+02	4.896188226425438472e+01
6.154579999999999700e+02	4.813100068530702202e+01
6.160170000000000528e+02	5.029573314144736429e+01
6.165760000000000218e+02	5.159204454495614556e+01
6.171349999999999909e+02	5.261642612390350848e+01
6.176939999999999600e+02	5.424168489583333042e+01
6.182530000000000427e+02	5.532308401864035119e+01
6.188110000000000355e+02	5.675096998355262912e+01
6.193700000000000045e+02	5.883675507127192361e+01
6.199289999999999736e+02	6.042692612390350604e+01
6.204880000000000564e+02	6.175832524671053392e+01
6.210470000000000255e+02	6.222130331688596527e+01
6.216059999999999945e+02	6.531147436951754059e+01
6.221649999999999636e+02	6.719550507127193839e+01
6.227240000000000464e+02	6.860146559758771900e+01
6.232830000000000155e+02	7.173988226425439052e+01
6.238410000000000082e+02	7.347478577302631209e+01
6.243999999999999773e+02	7.521846559758772344e+01
6.249589999999999463e+02	7.764781793676900179e+01
6.255180000000000291e+02	7.917366150402047253e+01
6.260769999999999982e+02	7.975652261513158692e+01
6.266359999999999673e+02	8.268002700109649084e+01
6.271950000000000500e+02	8.378774191337718946e+01
6.277530000000000427e+02	8.865422436951755003e+01
6.283120000000000118e+02	8.978825507127191941e+01
6.288709999999999809e+02	9.006263665021928944e+01
6.294299999999999500e+02	9.262210594846492029e+01
6.299890000000000327e+02	9.563771559758772867e+01
6.305470000000000255e+02	9.786823314144736230e+01
6.311059999999999945e+02	1.005110357730263217e+02
6.316649999999999636e+02	1.025968208607456233e+02
6.322240000000000464e+02	1.048975182291666783e+02
6.327820000000000391e+02	1.079043515624999969e+02
6.333410000000000082e+02	1.090383822642543805e+02
6.338999999999999773e+02	1.121504831414473813e+02
6.344589999999999463e+02	1.153941629660087642e+02
6.350170000000000528e+02	1.184580138432017549e+02
6.355760000000000218e+02	1.210701147203947414e+02
6.361349999999999909e+02	1.214497594572368513e+02
6.366939999999999600e+02	1.244872989309210567e+02
6.372519999999999527e+02	1.283537813870614173e+02
6.378110000000000355e+02	1.298474612116228002e+02
6.383700000000000045e+02	1.293367550712719378e+02
6.389279999999999973e+02	1.298962199835526405e+02
6.394869999999999663e+02	1.271486717379385993e+02
6.400460000000000491e+02	1.279405971765350927e+02
6.406040000000000418e+02	1.275658515625000007e+02
6.411630000000000109e+02	1.290770752467105353e+02
6.417219999999999800e+02	1.315532112116228234e+02
6.422799999999999727e+02	1.334372375274122646e+02
6.428390000000000555e+02	1.395668822642543887e+02
6.433980000000000246e+02	1.441702112116228136e+02
6.439560000000000173e+02	1.496726585800438443e+02
6.445149999999999864e+02	1.559996717379385984e+02
6.450729999999999791e+02	1.633222945449561507e+02
6.456319999999999482e+02	1.674607112116227938e+02
6.461910000000000309e+02	1.728184261239034925e+02
6.467490000000000236e+02	1.766103471765350719e+02
6.473079999999999927e+02	1.789680620888157989e+02
6.478659999999999854e+02	1.852029655975877347e+02
6.484249999999999545e+02	1.897975226151315837e+02
6.489829999999999472e+02	1.922210226151315737e+02
6.495420000000000300e+02	1.936094392817982452e+02
6.501009999999999991e+02	1.988531191063596566e+02
6.506589999999999918e+02	2.016362682291666601e+02
6.512179999999999609e+02	2.063404743695175512e+02
6.517759999999999536e+02	2.076850270010964721e+02
6.523350000000000364e+02	2.105646717379385962e+02
6.528930000000000291e+02	2.128127331414473531e+02
6.534519999999999982e+02	2.191134305098684365e+02
6.540099999999999909e+02	2.180764041940789468e+02
6.545689999999999600e+02	2.202849962993421116e+02
6.551269999999999527e+02	2.234102506853070054e+02
6.556860000000000355e+02	2.271846322642543896e+02
6.562440000000000282e+02	2.293318164747807089e+02
6.568020000000000209e+02	2.331018077028508628e+02
6.573609999999999900e+02	2.358937331414473988e+02
6.579189999999999827e+02	2.379049524396929769e+02
6.584779999999999518e+02	2.387714392817982514e+02
6.590359999999999445e+02	2.434887989309210639e+02
6.595950000000000273e+02	2.464210752467105294e+02
6.601530000000000200e+02	2.489893120888157796e+02
6.607110000000000127e+02	2.521759699835526192e+02
6.612699999999999818e+02	2.537310533168859763e+02
6.618279999999999745e+02	2.577861322642543769e+02
6.623869999999999436e+02	2.585078822642544196e+02
6.629450000000000500e+02	2.592296278782894774e+02
6.635030000000000427e+02	2.592496191063596598e+02
6.640620000000000118e+02	2.565371585800438652e+02
6.646200000000000045e+02	2.536229392817982387e+02
6.651779999999999973e+02	2.510464392817982571e+02
6.657369999999999663e+02	2.483909962993421061e+02
6.662949999999999591e+02	2.457355489309210554e+02
6.668529999999999518e+02	2.404616805098684438e+02
6.674120000000000346e+02	2.324115006853070042e+02
6.679700000000000273e+02	2.260586848958333519e+02
6.685280000000000200e+02	2.174558691063596427e+02
6.690869999999999891e+02	2.103662155975877113e+02
6.696449999999999818e+02	2.009256805098684424e+02
6.702029999999999745e+02	1.918667243695175557e+02
6.707609999999999673e+02	1.853077682291666690e+02
6.713200000000000500e+02	1.793453077028508744e+02
6.718780000000000427e+02	1.761591585800438509e+02
6.724360000000000355e+02	1.754598515625000061e+02
6.729940000000000282e+02	1.763482638432017495e+02
6.735529999999999973e+02	1.780656278782894617e+02
6.741109999999999900e+02	1.869584261239035357e+02
6.746689999999999827e+02	1.938132126736111331e+02
6.752269999999999754e+02	1.984662448373537984e+02
6.757849999999999682e+02	2.040359436677631777e+02
6.763440000000000509e+02	2.082313778782894644e+02
6.769020000000000437e+02	2.137820708607456197e+02
6.774600000000000364e+02	2.179117112116228157e+02
6.780180000000000291e+02	2.242781936677631336e+02
6.785760000000000218e+02	2.318201147203947414e+02
6.791340000000000146e+02	2.327523866502192789e+02
6.796929999999999836e+02	2.409653647203947457e+02
6.802509999999999764e+02	2.416871103344298319e+02
6.808089999999999691e+02	2.463430664747806986e+02
6.813669999999999618e+02	2.503060401589912090e+02
6.819249999999999545e+02	2.524049787554824604e+02
6.824829999999999472e+02	2.565916366502193000e+02
6.830410000000000537e+02	2.589405752467105231e+02
6.835990000000000464e+02	2.650482857730263504e+02
6.841570000000000391e+02	2.685024875274122564e+02
6.847150000000000318e+02	2.728163384046052329e+02
6.852730000000000246e+02	2.793319436677631415e+02
6.858310000000000173e+02	2.822203559484648849e+02
6.863899999999999864e+02	2.890342112116227895e+02
6.869479999999999791e+02	2.953305182291666711e+02
6.875059999999999718e+02	3.005259480537280297e+02
6.880639999999999645e+02	3.056029568256578841e+02
6.886219999999999573e+02	3.134211936677631911e+02
6.891799999999999500e+02	3.200420620888157828e+02
6.897380000000000564e+02	3.248208252467105126e+02
6.902960000000000491e+02	3.323101147203947221e+02
6.908540000000000418e+02	3.353169480537280265e+02
6.914109999999999445e+02	3.393500927905701587e+02
6.919690000000000509e+02	3.434314875274122869e+02
6.925270000000000437e+02	3.415435840186403311e+02
6.930850000000000364e+02	3.394319962993420745e+02
6.936430000000000291e+02	3.314739173519736823e+02
6.942010000000000218e+02	3.193096980537280842e+02
6.947590000000000146e+02	3.017288120888157437e+02
6.953170000000000073e+02	2.851917857730263108e+02
6.958750000000000000e+02	2.626898471765350678e+02
6.964329999999999927e+02	2.466659787554824845e+02
6.969909999999999854e+02	2.323657945449561453e+02
6.975489999999999782e+02	2.207761366502192857e+02
6.981059999999999945e+02	2.170592813870613895e+02
6.986639999999999873e+02	2.146494480537280936e+02
6.992219999999999800e+02	2.181825971765350971e+02
6.997799999999999727e+02	2.209657462993421007e+02
7.003379999999999654e+02	2.274506498081140364e+02
7.008959999999999582e+02	2.332250270010964925e+02
7.014529999999999745e+02	2.388195752467105422e+02
7.020109999999999673e+02	2.385764085800438465e+02
7.025689999999999600e+02	2.378595577028508785e+02
7.031269999999999527e+02	2.340242857730263211e+02
7.036849999999999454e+02	2.308381366502192975e+02
7.042419999999999618e+02	2.267704041940789352e+02
7.047999999999999545e+02	2.232772375274122965e+02
7.053579999999999472e+02	2.206656498081140398e+02
7.059160000000000537e+02	2.163523077028508794e+02
7.064729999999999563e+02	2.157977331414473667e+02
7.070309999999999491e+02	2.173703559484649190e+02
7.075890000000000555e+02	2.209078910361841963e+02
7.081470000000000482e+02	2.297875313870613923e+02
7.087039999999999509e+02	2.389873427905701533e+02
7.092619999999999436e+02	2.508713691063596514e+02
7.098200000000000500e+02	2.653957462993420791e+02
7.103769999999999527e+02	2.836481892817982384e+02
7.109349999999999454e+02	3.027558998081140089e+02
7.114930000000000518e+02	3.219557155975877549e+02
7.120499999999999545e+02	3.402169305098684617e+02
7.126079999999999472e+02	3.625088515625000127e+02
7.131660000000000537e+02	3.805551585800438374e+02
7.137229999999999563e+02	4.022330401589912299e+02
7.142809999999999491e+02	4.191696980537280979e+02
7.148390000000000555e+02	4.384528471765351014e+02
7.153959999999999582e+02	4.542710796326754803e+02
7.159539999999999509e+02	4.699796673519736601e+02
7.165109999999999673e+02	4.852452682291666406e+02
7.170689999999999600e+02	4.973222770010964950e+02
7.176259999999999764e+02	5.060089305098684349e+02
7.181839999999999691e+02	5.165420796326754953e+02
7.187419999999999618e+02	5.252111936677631547e+02
7.192989999999999782e+02	5.312969699835525716e+02
7.198569999999999709e+02	5.350888910361842363e+02
7.204139999999999873e+02	5.383632638432018211e+02
7.209719999999999800e+02	5.360630796326754535e+02
7.215289999999999964e+02	5.368067506853070654e+02
7.220869999999999891e+02	5.346030577028508333e+02
7.226440000000000055e+02	5.317458515624999791e+02
7.232019999999999982e+02	5.264149655975877522e+02
7.237590000000000146e+02	5.226235489309210607e+02
7.243170000000000073e+02	5.156172243695175439e+02
7.248740000000000236e+02	5.097994919133771532e+02
7.254310000000000400e+02	5.081045664747807109e+02
7.259890000000000327e+02	5.055105226151316060e+02
7.265460000000000491e+02	5.043726147203947221e+02
7.271040000000000418e+02	5.069189217379385468e+02
7.276609999999999445e+02	5.101889085800438011e+02
7.282190000000000509e+02	5.147966191063596852e+02
7.287759999999999536e+02	5.269087112116227445e+02
7.293329999999999700e+02	5.376348384046052615e+02
7.298909999999999627e+02	5.479311454221491431e+02
7.304479999999999791e+02	5.609204305098684245e+02
7.310049999999999955e+02	5.691684875274122533e+02
7.315629999999999882e+02	5.773726892817982161e+02
7.321200000000000045e+02	5.853795182291665924e+02
7.326770000000000209e+02	5.916582770010965078e+02
7.332350000000000136e+02	5.935773910361841672e+02
7.337920000000000300e+02	5.915579041940790148e+02
7.343490000000000464e+02	5.896042068256577977e+02
7.349070000000000391e+02	5.862601629660088065e+02
7.354640000000000555e+02	5.791880445449561421e+02
7.360209999999999582e+02	5.723527682291667134e+02
7.365779999999999745e+02	5.623990708607456099e+02
7.371359999999999673e+02	5.535550270010965050e+02
7.376929999999999836e+02	5.426364173519737051e+02
7.382500000000000000e+02	5.287792112116228509e+02
7.388070000000000164e+02	5.164439348958333085e+02
7.393650000000000091e+02	5.019858559484648595e+02
7.399220000000000255e+02	4.879181234923245256e+02
7.404790000000000418e+02	4.756837243695175061e+02
7.410359999999999445e+02	4.668835357730262672e+02
7.415929999999999609e+02	4.535789612116227545e+02
7.421509999999999536e+02	4.431296541940789666e+02
7.427079999999999700e+02	4.338908691063596166e+02
7.432649999999999864e+02	4.284941892817982421e+02
7.438220000000000027e+02	4.271457550712719353e+02
7.443790000000000191e+02	4.246174962993421218e+02
7.449360000000000355e+02	4.223611673519736769e+02
7.454930000000000518e+02	4.242276454221491235e+02
7.460499999999999545e+02	4.266950006853070363e+02
7.466069999999999709e+02	4.300527068256579355e+02
7.471649999999999636e+02	4.342919962993421450e+02
7.477219999999999800e+02	4.396409305098684399e+02
7.482789999999999964e+02	4.470644261239035586e+02
7.488360000000000127e+02	4.527203778782894688e+02
7.493930000000000291e+02	4.593412419133771891e+02
7.499500000000000455e+02	4.670629831414473756e+02
7.505069999999999482e+02	4.708987594572368494e+02
7.510639999999999645e+02	4.789845357730263231e+02
7.516209999999999809e+02	4.822282068256578782e+02
7.521779999999999973e+02	4.865639831414473520e+02
7.527350000000000136e+02	4.926234436677631834e+02
7.532920000000000300e+02	4.938978164747807114e+02
7.538490000000000464e+02	4.967511366502192800e+02
7.544059999999999491e+02	4.987623515624999868e+02
7.549629999999999654e+02	4.988568998081140649e+02
7.555199999999999818e+02	4.991795182291666606e+02
7.560769999999999982e+02	4.945942419133772319e+02
7.566330000000000382e+02	4.939738734923245715e+02
7.571900000000000546e+02	4.895640357730263190e+02
7.577469999999999573e+02	4.840884085800438470e+02
7.583039999999999736e+02	4.798057638432017598e+02
7.588609999999999900e+02	4.709266278782894801e+02
7.594180000000000064e+02	4.637667901589912276e+02
7.599750000000000227e+02	4.556332682291666742e+02
7.605320000000000391e+02	4.496927287554825057e+02
7.610879999999999654e+02	4.420855182291666665e+02
7.616449999999999818e+02	4.328379612116228259e+02
7.622019999999999982e+02	4.270246147203947658e+02
7.627590000000000146e+02	4.212244261239034699e+02
7.633160000000000309e+02	4.170382726151315183e+02
7.638719999999999573e+02	4.160626410361842318e+02
7.644289999999999736e+02	4.082405226151315674e+02
7.649859999999999900e+02	4.137254217379386318e+02
7.655430000000000064e+02	4.143506717379386259e+02
7.661000000000000227e+02	4.171031147203947853e+02
7.666559999999999491e+02	4.210266059484649190e+02
7.672129999999999654e+02	4.238711541940789402e+02
7.677699999999999818e+02	4.257990357730263327e+02
7.683260000000000218e+02	4.298541059484649054e+02
7.688830000000000382e+02	4.300583033168859970e+02
7.694400000000000546e+02	4.344423252467105385e+02
7.699969999999999573e+02	4.333175752467105326e+02
7.705529999999999973e+02	4.329647506853070240e+02
7.711100000000000136e+02	4.331689480537280588e+02
7.716670000000000300e+02	4.301406892817982452e+02
7.722229999999999563e+02	4.297352331414473383e+02
7.727799999999999727e+02	4.257859217379385655e+02
7.733360000000000127e+02	4.250822199835525907e+02
7.738930000000000291e+02	4.214136103344297908e+02
7.744500000000000455e+02	4.162055270010964705e+02
7.750059999999999718e+02	4.143395445449561407e+02
7.755629999999999882e+02	4.104297068256578882e+02
7.761190000000000282e+02	4.064672331414474229e+02
7.766760000000000446e+02	4.012810796326754712e+02
7.772319999999999709e+02	3.969326410361842363e+02
7.777889999999999873e+02	3.932113998081140380e+02
7.783460000000000036e+02	3.875647199835526067e+02
7.789020000000000437e+02	3.851022462993421414e+02
7.794579999999999700e+02	3.816441585800438361e+02
7.800149999999999864e+02	3.790895840186403234e+02
7.805720000000000027e+02	3.753595708607456345e+02
7.811280000000000427e+02	3.744058691063596598e+02
7.816839999999999691e+02	3.728469041940790021e+02
7.822409999999999854e+02	3.669282945449562021e+02
7.827970000000000255e+02	3.684044173519736205e+02
7.833540000000000418e+02	3.645143164747806850e+02
7.839099999999999682e+02	3.655277199835526289e+02
7.844669999999999845e+02	3.643327945449561867e+02
7.850230000000000246e+02	3.606422506853070331e+02
7.855789999999999509e+02	3.604385489309210584e+02
7.861359999999999673e+02	3.604453778782894915e+02
7.866920000000000073e+02	3.579609743695175439e+02
7.872490000000000236e+02	3.577485050712718930e+02
7.878049999999999500e+02	3.562465577028508505e+02
7.883609999999999900e+02	3.537314524396929869e+02
7.889180000000000064e+02	3.512909129660088183e+02
7.894740000000000464e+02	3.502012462993421309e+02
7.900299999999999727e+02	3.471685971765350587e+02
7.905860000000000127e+02	3.452148954221490840e+02
7.911430000000000291e+02	3.390243559484649154e+02
7.916989999999999554e+02	3.333952155975877076e+02
7.922549999999999955e+02	3.283976541940789957e+02
7.928120000000000118e+02	3.246413252467105508e+02
7.933680000000000518e+02	3.175955182291666574e+02
7.939239999999999782e+02	3.131198866502193141e+02
7.944800000000000182e+02	3.074337287554824343e+02
7.950359999999999445e+02	3.016247638432017197e+02
7.955929999999999609e+02	2.968991366502192477e+02
7.961490000000000009e+02	2.911164875274122892e+02
7.967050000000000409e+02	2.841233120888157941e+02
7.972609999999999673e+02	2.786520664747806677e+02
7.978170000000000073e+02	2.699088910361841727e+02
7.983740000000000236e+02	2.640429129660087710e+02
7.989299999999999500e+02	2.579357024396929887e+02
7.994859999999999900e+02	2.532232287554824666e+02
8.000420000000000300e+02	2.448440884046052588e+02
8.005979999999999563e+02	2.404737199835526269e+02
8.011539999999999964e+02	2.346910708607456115e+02
8.017100000000000364e+02	2.313996498081140203e+02
8.022659999999999627e+02	2.268494568256579100e+02
8.028220000000000027e+02	2.206720708607456061e+02
8.033780000000000427e+02	2.178543340186403441e+02
8.039349999999999454e+02	2.137471278782894615e+02
8.044909999999999854e+02	2.090127243695175423e+02
8.050470000000000255e+02	2.026774436677631570e+02
8.056029999999999518e+02	2.016754962993421145e+02
8.061589999999999918e+02	1.974893384046052631e+02
8.067150000000000318e+02	1.955531805098684117e+02
8.072709999999999582e+02	1.917661454221491226e+02
8.078260000000000218e+02	1.909045445449561385e+02
8.083819999999999482e+02	1.891043515624999998e+02
8.089379999999999882e+02	1.854620533168859708e+02
8.094940000000000282e+02	1.840872989309210368e+02
8.100499999999999545e+02	1.823835971765350905e+02
8.106059999999999945e+02	1.811272638432017459e+02
8.111620000000000346e+02	1.793577726151315517e+02
8.117179999999999609e+02	1.769523164747807016e+02
8.122740000000000009e+02	1.764898427905701510e+02
8.128300000000000409e+02	1.751063164747806979e+02
8.133859999999999673e+02	1.744377024396929698e+02
8.139410000000000309e+02	1.758304875274122878e+02
8.144969999999999573e+02	1.732013471765351085e+02
8.150529999999999973e+02	1.728529085800438452e+02
8.156090000000000373e+02	1.739211366502192959e+02
8.161649999999999636e+02	1.724235752467105272e+02
8.167200000000000273e+02	1.715005708607456256e+02
8.172759999999999536e+02	1.719591498081140344e+02
8.178319999999999936e+02	1.714615884046052656e+02
8.183880000000000337e+02	1.717096410361841947e+02
8.189439999999999600e+02	1.703875182291666874e+02
8.194990000000000236e+02	1.706311805098684147e+02
8.200549999999999500e+02	1.691160752467105226e+02
8.206109999999999900e+02	1.698378120888158094e+02
8.211660000000000537e+02	1.692876147203947141e+02
8.217219999999999800e+02	1.665005796326754535e+02
8.222780000000000200e+02	1.676784568256578893e+02
8.228329999999999700e+02	1.637510664747806857e+02
8.233890000000000100e+02	1.640254348958333139e+02
8.239450000000000500e+02	1.625585752467105181e+02
8.245000000000000000e+02	1.611180270010964932e+02
8.250560000000000400e+02	1.584011673519736689e+02
8.256119999999999663e+02	1.572544831414473663e+02
8.261670000000000300e+02	1.562920050712719444e+02
8.267229999999999563e+02	1.542593559484649006e+02
8.272780000000000200e+02	1.518802112116227931e+02
8.278339999999999463e+02	1.528870357730263265e+02
8.283890000000000100e+02	1.489113998081140267e+02
8.289450000000000500e+02	1.489357682291666549e+02
8.295009999999999764e+02	1.479031191063596680e+02
8.300560000000000400e+02	1.469801147203947096e+02
8.306119999999999663e+02	1.452237813870614218e+02
8.311670000000000300e+02	1.457437594572368482e+02
8.317229999999999563e+02	1.433119875274122705e+02
8.322780000000000200e+02	1.438407375274122728e+02
8.328329999999999700e+02	1.424879085800438645e+02
8.333890000000000100e+02	1.413587682291666567e+02
8.339439999999999600e+02	1.412603252467105222e+02
8.345000000000000000e+02	1.405259217379386030e+02
8.350549999999999500e+02	1.420985313870613993e+02
8.356109999999999900e+02	1.412807945449561373e+02
8.361660000000000537e+02	1.419893691063596464e+02
8.367210000000000036e+02	1.421233822642543885e+02
8.372770000000000437e+02	1.431784524396929896e+02
8.378319999999999936e+02	1.437466761239035122e+02
8.383869999999999436e+02	1.439991103344298438e+02
8.389429999999999836e+02	1.427252331414473758e+02
8.394980000000000473e+02	1.394469655975877060e+02
8.400529999999999973e+02	1.409186980537280647e+02
8.406090000000000373e+02	1.393114875274122824e+02
8.411639999999999873e+02	1.361757638432017643e+02
8.417190000000000509e+02	1.359347770010965064e+02
8.422749999999999773e+02	1.337880927905701753e+02
8.428300000000000409e+02	1.343036848958333280e+02
8.433849999999999909e+02	1.310210313870614129e+02
8.439400000000000546e+02	1.290497813870614152e+02
8.444959999999999809e+02	1.296004655975877142e+02
8.450510000000000446e+02	1.288221980537280729e+02
8.456059999999999945e+02	1.293860357730263217e+02
8.461609999999999445e+02	1.284718033168859677e+02
8.467160000000000082e+02	1.284523077028508737e+02
8.472709999999999582e+02	1.276301805098684241e+02
8.478269999999999982e+02	1.283212155975877238e+02
8.483819999999999482e+02	1.290429480537280540e+02
8.489370000000000118e+02	1.305629261239035088e+02
8.494919999999999618e+02	1.305653603344298119e+02
8.500470000000000255e+02	1.307520050712719240e+02
8.506019999999999754e+02	1.290790006853070224e+02
8.511570000000000391e+02	1.312130138432017645e+02
8.517119999999999891e+02	1.298119392817982316e+02
8.522670000000000528e+02	1.296389348958333301e+02
8.528220000000000027e+02	1.282071585800438527e+02
8.533769999999999527e+02	1.299113471765350880e+02
8.539320000000000164e+02	1.294313252467105428e+02
8.544869999999999663e+02	1.320039348958333392e+02
8.550420000000000300e+02	1.327651410361842181e+02
8.555969999999999800e+02	1.326550021472953347e+02
8.561520000000000437e+02	1.329834597496345054e+02
8.567069999999999936e+02	1.311671805098684445e+02
8.572619999999999436e+02	1.321204919133771796e+02
8.578170000000000073e+02	1.315431015624999986e+02
8.583719999999999573e+02	1.325534305098684342e+02
8.589270000000000209e+02	1.335593734923245677e+02
8.594819999999999709e+02	1.346311059484649206e+02
8.600370000000000346e+02	1.354975752467105394e+02
8.605919999999999845e+02	1.356140445449561298e+02
8.611470000000000482e+02	1.356471805098684342e+02
8.617010000000000218e+02	1.359171541940789609e+02
8.622559999999999718e+02	1.367222199835526339e+02
8.628110000000000355e+02	1.393869348958333489e+02
8.633659999999999854e+02	1.388455094572368580e+02
8.639210000000000491e+02	1.407163647203947505e+02
8.644750000000000227e+02	1.416924787554824547e+02
8.650299999999999727e+02	1.406598252467105112e+02
8.655850000000000364e+02	1.423859436677631436e+02
8.661399999999999864e+02	1.440375006853070090e+02
8.666939999999999600e+02	1.469478252467105506e+02
8.672490000000000236e+02	1.462572770010964689e+02
8.678039999999999736e+02	1.471456761239035131e+02
8.683590000000000373e+02	1.479419699835526103e+02
8.689130000000000109e+02	1.509882594572368362e+02
8.694679999999999609e+02	1.503766585800438520e+02
8.700230000000000246e+02	1.516641805098684301e+02
8.705769999999999982e+02	1.528157331414473958e+02
8.711319999999999482e+02	1.522830796326754239e+02
8.716870000000000118e+02	1.544960401589912067e+02
8.722409999999999854e+02	1.540905752467105287e+02
8.727960000000000491e+02	1.545272199835526408e+02
8.733500000000000227e+02	1.537138603344298247e+02
8.739049999999999727e+02	1.529399787554824570e+02
8.744589999999999463e+02	1.535213559484649295e+02
8.750140000000000100e+02	1.510150182291666567e+02
8.755689999999999600e+02	1.526621892817982484e+02
8.761230000000000473e+02	1.505812857730263090e+02
8.766779999999999973e+02	1.514696848958333248e+02
8.772319999999999709e+02	1.482572024396930033e+02
8.777870000000000346e+02	1.499877068256578809e+02
8.783410000000000082e+02	1.478717155975877233e+02
8.788959999999999582e+02	1.463215182291666565e+02
8.794500000000000455e+02	1.445169305098684163e+02
8.800040000000000191e+02	1.429579568256579023e+02
8.805589999999999691e+02	1.420086366502193016e+02
8.811130000000000564e+02	1.388575577028508690e+02
8.816680000000000064e+02	1.367985884046052547e+02
8.822219999999999800e+02	1.343624217379386039e+02
8.827759999999999536e+02	1.326236234923245547e+02
8.833310000000000173e+02	1.307225489309210502e+02
8.838849999999999909e+02	1.278784875274122896e+02
8.844389999999999645e+02	1.273677594572368292e+02
8.849940000000000282e+02	1.262386147203947360e+02
8.855480000000000018e+02	1.225349041940789476e+02
8.861019999999999754e+02	1.214627726151315699e+02
8.866570000000000391e+02	1.186318734923245586e+02
8.872110000000000127e+02	1.181167594572368387e+02
8.877649999999999864e+02	1.155051541940789406e+02
8.883189999999999600e+02	1.159242506853070154e+02
8.888740000000000236e+02	1.136503691063596477e+02
8.894279999999999973e+02	1.076615708607456128e+02
8.899819999999999709e+02	1.078701410361842079e+02
8.905359999999999445e+02	1.066591205683479586e+02
8.910900000000000318e+02	1.044831878198099417e+02
8.916449999999999818e+02	1.020660313870614004e+02
8.921989999999999554e+02	9.795881208881579028e+01
8.927530000000000427e+02	9.814106647478070045e+01
8.933070000000000164e+02	9.498560156250000830e+01
8.938609999999999900e+02	9.211522436951754855e+01
8.944149999999999636e+02	9.171853138706140385e+01
8.949690000000000509e+02	9.007183840460527335e+01
8.955230000000000246e+02	8.696900507127193691e+01
8.960779999999999745e+02	8.718196559758771969e+01
8.966319999999999482e+02	8.674141296600876672e+01
8.971860000000000355e+02	8.466050945723685572e+01
8.977400000000000091e+02	8.433399191337719003e+01
8.982939999999999827e+02	8.216536910635966251e+01
8.988479999999999563e+02	8.071165858004384575e+01
8.994020000000000437e+02	7.966145682565790764e+01
8.999560000000000173e+02	7.763757086074561187e+01
9.005099999999999909e+02	7.709175507127193328e+01
9.010639999999999645e+02	7.398453577302630890e+01
9.016169999999999618e+02	7.581590858004385325e+01
9.021710000000000491e+02	7.323500507127194226e+01
9.027250000000000227e+02	7.354883840460526301e+01
9.032789999999999964e+02	7.313898752741229714e+01
9.038329999999999700e+02	7.145720682565789161e+01
9.043869999999999436e+02	7.182367173793859649e+01
9.049410000000000309e+02	7.076469805372806832e+01
9.054950000000000045e+02	7.039432086074560857e+01
9.060489999999999782e+02	7.055025945723683378e+01
9.066019999999999754e+02	6.895619366776315928e+01
9.071559999999999491e+02	6.879195682565789127e+01
9.077100000000000364e+02	6.823298314144736310e+01
9.082640000000000100e+02	6.913892173793858831e+01
9.088179999999999836e+02	6.940889542214911501e+01
9.093709999999999809e+02	6.985868928179824877e+01
9.099249999999999545e+02	7.198392612390350109e+01
9.104790000000000418e+02	7.517056647478069920e+01
9.110320000000000391e+02	8.050632524671051726e+01
9.115860000000000127e+02	8.632454454495614016e+01
9.121399999999999864e+02	9.274364103618421495e+01
9.126929999999999836e+02	9.845659279057016988e+01
9.132469999999999573e+02	1.033669173519736830e+02
9.138010000000000446e+02	1.079044348958333330e+02
9.143540000000000418e+02	1.087577375274122744e+02
9.149080000000000155e+02	1.089882375274122808e+02
9.154619999999999891e+02	1.065432989309210541e+02
9.160149999999999864e+02	9.950186472039473529e+01
9.165689999999999600e+02	9.210517173793859058e+01
9.171219999999999573e+02	8.702426384320175146e+01
9.176760000000000446e+02	8.031178138706140146e+01
9.182290000000000418e+02	7.630543489583332928e+01
9.187830000000000155e+02	7.196137349232455449e+01
9.193360000000000127e+02	6.847257086074560561e+01
9.198899999999999864e+02	6.722938665021929694e+01
9.204429999999999836e+02	6.578882963267543005e+01
9.209969999999999573e+02	6.392722436951753906e+01
9.215499999999999545e+02	6.437701822916666572e+01
9.221040000000000418e+02	6.246716735197367854e+01
9.226570000000000391e+02	6.339503138706140106e+01
9.232110000000000127e+02	6.328342612390350297e+01
9.237640000000000100e+02	6.377707963267543789e+01
9.243170000000000073e+02	6.154266296600876984e+01
9.248709999999999809e+02	6.274684717653508415e+01
9.254239999999999782e+02	6.336769366776315593e+01
9.259779999999999518e+02	6.345784279057016875e+01
9.265309999999999491e+02	6.374096998355262400e+01
9.270839999999999463e+02	6.146269366776315479e+01
9.276380000000000337e+02	6.264494805372806496e+01
9.281910000000000309e+02	6.353333840460526005e+01
9.287440000000000282e+02	6.271558840460526341e+01
9.292970000000000255e+02	6.284959279057017767e+01
9.298509999999999991e+02	6.297044366776316338e+01
9.304039999999999964e+02	6.250357086074561863e+01
9.309569999999999936e+02	6.091827700109649157e+01
9.315099999999999909e+02	6.046894805372807014e+01
9.320629999999999882e+02	6.190558401864035432e+01
9.326169999999999618e+02	6.154836472039473705e+01
9.331699999999999591e+02	6.201570243969297991e+01
9.337229999999999563e+02	6.131198752741227764e+01
9.342759999999999536e+02	6.129248314144737009e+01
9.348289999999999509e+02	6.102736472039473625e+01
9.353819999999999482e+02	6.136750945723684225e+01
9.359349999999999454e+02	6.100589980811403024e+01
9.364890000000000327e+02	6.161797875548245429e+01
9.370420000000000300e+02	6.311163226425438211e+01
9.375950000000000273e+02	6.203949629934211174e+01
9.381480000000000246e+02	6.265157086074562187e+01
9.387010000000000218e+02	6.236013665021930308e+01
9.392540000000000191e+02	6.140642173793860081e+01
9.398070000000000164e+02	6.172463665021930268e+01
9.403600000000000136e+02	6.194197436951754554e+01
9.409130000000000109e+02	6.094439980811403501e+01
9.414660000000000082e+02	6.203893050986842184e+01
9.420190000000000055e+02	6.023433840460526767e+01
9.425720000000000027e+02	6.104378138706140078e+01
9.431240000000000236e+02	6.130058840460526426e+01
9.436770000000000209e+02	5.950476822916666464e+01
9.442300000000000182e+02	6.070456208881578419e+01
9.447830000000000155e+02	5.969382963267543829e+01
9.453360000000000127e+02	5.913485156249999619e+01
9.458890000000000100e+02	5.908025945723684202e+01
9.464420000000000073e+02	5.760900068530701645e+01
9.469940000000000282e+02	5.931317612390351002e+01
9.475470000000000255e+02	5.622349629934210924e+01
9.481000000000000227e+02	5.683118489583333144e+01
9.486530000000000200e+02	5.403097875548245810e+01
9.492060000000000173e+02	5.463866735197368740e+01
9.497580000000000382e+02	5.379021121162280394e+01
9.503110000000000355e+02	5.202070682565789639e+01
9.508640000000000327e+02	5.225997436951754338e+01
9.514170000000000300e+02	5.114397875548245054e+01
9.519690000000000509e+02	4.915955770285088278e+01
9.525220000000000482e+02	4.996900068530702299e+01
9.530750000000000455e+02	4.701967173793860155e+01
9.536269999999999527e+02	4.711419805372807446e+01
9.541799999999999500e+02	4.479206208881578988e+01
9.547319999999999709e+02	4.502693928179824212e+01
9.552849999999999682e+02	4.300304893092105374e+01
9.558379999999999654e+02	4.204494805372807065e+01
9.563899999999999864e+02	3.998157963267543380e+01
9.569429999999999836e+02	3.916382963267543715e+01
9.574950000000000045e+02	3.807853138706139617e+01
9.580480000000000018e+02	3.573446559758772167e+01
9.586000000000000227e+02	3.532460594846491375e+01
9.591530000000000200e+02	3.435919512975146262e+01
9.597050000000000409e+02	3.191132378472222442e+01
9.602580000000000382e+02	3.177924629934210543e+01
9.608099999999999454e+02	3.029482524671052346e+01
9.613630000000000564e+02	3.017444366776316045e+01
9.619149999999999636e+02	2.873826822916666757e+01
9.624679999999999609e+02	2.722753577302631456e+01
9.630199999999999818e+02	2.514662349232456506e+01
9.635720000000000027e+02	2.537711472039473648e+01
9.641250000000000000e+02	2.405936472039473628e+01
9.646770000000000209e+02	2.331617173793859621e+01
9.652290000000000418e+02	2.149403138706140481e+01
9.657820000000000391e+02	2.193066735197368544e+01
9.663339999999999463e+02	2.063484279057017545e+01
9.668859999999999673e+02	2.014164980811403538e+01
9.674389999999999645e+02	1.996425068530701807e+01
9.679909999999999854e+02	1.736140858004386089e+01
9.685430000000000064e+02	1.625418050986842289e+01
9.690950000000000273e+02	1.584870682565789579e+01
9.696480000000000246e+02	1.475902700109649146e+01
9.702000000000000455e+02	1.482285156249999858e+01
9.707519999999999527e+02	1.506211472039473698e+01
9.713039999999999736e+02	1.396365858004386062e+01
9.718559999999999945e+02	1.415029015899122733e+01
9.724089999999999918e+02	1.290271559758772035e+01
9.729610000000000127e+02	1.245338226425438677e+01
9.735130000000000337e+02	1.617510156250000009e+01
9.740650000000000546e+02	1.402839980811403464e+01
9.746169999999999618e+02	1.405713665021929870e+01
9.751689999999999827e+02	1.564289103618420995e+01
9.757210000000000036e+02	1.520671559758771885e+01
9.762730000000000246e+02	1.541966296600877229e+01
9.768250000000000455e+02	1.598348752741227941e+01
9.773769999999999527e+02	1.605608401864035173e+01
9.779289999999999736e+02	1.540061033442982463e+01
9.784809999999999945e+02	1.267496121162280609e+01
9.790330000000000155e+02	1.248439980811403416e+01
9.795850000000000364e+02	1.118418928179824512e+01
9.801369999999999436e+02	1.123046998355263071e+01
9.806889999999999645e+02	9.311838404605262909e+00
9.812409999999999854e+02	9.533557702850878002e+00
9.817930000000000064e+02	8.544750685307018756e+00
9.823450000000000273e+02	8.643662966008772486e+00
9.828970000000000482e+02	7.589066474780701732e+00
9.834489999999999554e+02	7.731838404605263726e+00
9.840000000000000000e+02	7.164079632675438347e+00
9.845520000000000209e+02	7.578781387061404473e+00
9.851040000000000418e+02	6.230325246710526343e+00
9.856559999999999491e+02	6.623097176535087449e+00
9.862079999999999700e+02	5.520255071271930269e+00
9.867590000000000146e+02	6.978812088815789849e+00
9.873110000000000355e+02	4.682987527412281636e+00
9.878630000000000564e+02	7.773127878289473713e+00
9.884149999999999636e+02	5.437829632675438063e+00
9.889660000000000082e+02	5.922702439692981713e+00
9.895180000000000291e+02	5.846176123903508604e+00
9.900700000000000500e+02	5.738948053728070597e+00
9.906209999999999809e+02	5.824698053728070590e+00
9.911730000000000018e+02	6.142908580043859423e+00
9.917250000000000227e+02	5.219891036184209909e+00
9.922759999999999536e+02	4.261781387061403414e+00
9.928279999999999745e+02	5.277360334429824107e+00
9.933790000000000191e+02	6.310478755482455959e+00
9.939310000000000400e+02	4.970794544956140371e+00
9.944819999999999709e+02	5.398649808114035054e+00
9.950339999999999918e+02	5.203702439692983184e+00
9.955860000000000127e+02	2.995597176535087947e+00
9.961369999999999436e+02	5.019943667763157258e+00
9.966879999999999882e+02	6.632009457236842209e+00
9.972400000000000091e+02	3.160746299342105381e+00
9.977910000000000537e+02	5.505268229166667027e+00
9.983429999999999609e+02	5.117338404605262348e+00
9.988940000000000055e+02	5.979404194078947299e+00
9.994460000000000264e+02	6.429193667763157372e+00
9.999969999999999573e+02	6.734241913377192468e+00
