0.00,0.00,0.00
0.00,6.25,0.00
0.00,12.50,0.00
0.00,18.75,0.00
0.00,25.00,0.00
0.00,31.25,0.00
0.00,37.50,0.00
0.00,43.75,0.00
0.00,50.00,0.00
0.00,56.25,0.00
0.00,62.50,0.00
0.00,68.75,0.00
0.00,75.00,0.00
0.00,81.25,0.00
0.00,87.50,0.00
0.00,93.75,0.00
0.00,100.00,0.00
0.00,106.25,0.00
0.00,112.50,0.00
0.00,118.75,0.00
0.00,125.00,0.00
0.00,131.25,0.00
0.00,137.50,0.00
0.00,143.75,0.00
0.00,150.00,0.00
0.00,156.25,0.00
0.00,162.50,0.00
0.00,168.75,0.00
0.00,175.00,0.00
0.00,181.25,0.00
0.00,187.50,0.00
0.00,193.75,0.00
0.00,200.00,0.00
0.00,206.25,0.00
0.00,212.50,0.00
0.00,218.75,0.00
0.00,225.00,0.00
0.00,231.25,0.00
0.00,237.50,0.00
0.00,243.75,0.00
0.00,250.00,0.00
0.00,256.25,0.00
0.00,262.50,0.00
0.00,268.75,0.00
0.00,275.00,0.00
0.00,281.25,0.00
0.00,287.50,0.00
0.00,293.75,0.00
0.00,300.00,0.00
15.79,0.00,0.00
15.79,6.25,0.00
15.79,12.50,0.00
15.79,18.75,0.00
15.79,25.00,0.00
15.79,31.25,0.00
15.79,37.50,0.00
15.79,43.75,0.00
15.79,50.00,0.00
15.79,56.25,0.00
15.79,62.50,0.00
15.79,68.75,0.00
15.79,75.00,0.00
15.79,81.25,0.00
15.79,87.50,0.00
15.79,93.75,0.00
15.79,100.00,0.00
15.79,106.25,0.00
15.79,112.50,0.00
15.79,118.75,0.00
15.79,125.00,0.00
15.79,131.25,0.00
15.79,137.50,0.00
15.79,143.75,0.00
15.79,150.00,0.00
15.79,156.25,0.00
15.79,162.50,0.00
15.79,168.75,0.00
15.79,175.00,0.00
15.79,181.25,0.00
15.79,187.50,0.00
15.79,193.75,0.00
15.79,200.00,0.00
15.79,206.25,0.00
15.79,212.50,0.00
15.79,218.75,0.00
15.79,225.00,0.00
15.79,231.25,0.00
15.79,237.50,0.00
15.79,243.75,0.00
15.79,250.00,0.00
15.79,256.25,0.00
15.79,262.50,0.00
15.79,268.75,0.00
15.79,275.00,0.00
15.79,281.25,0.00
15.79,287.50,0.00
15.79,293.75,0.00
15.79,300.00,0.00
31.58,0.00,0.00
31.58,6.25,0.00
31.58,12.50,0.00
31.58,18.75,0.00
31.58,25.00,0.00
31.58,31.25,0.00
31.58,37.50,0.00
31.58,43.75,0.00
31.58,50.00,0.00
31.58,56.25,0.00
31.58,62.50,0.00
31.58,68.75,0.00
31.58,75.00,0.00
31.58,81.25,0.00
31.58,87.50,0.00
31.58,93.75,0.00
31.58,100.00,0.00
31.58,106.25,0.00
31.58,112.50,0.00
31.58,118.75,0.00
31.58,125.00,0.00
31.58,131.25,0.00
31.58,137.50,0.00
31.58,143.75,0.00
31.58,150.00,0.00
31.58,156.25,0.00
31.58,162.50,0.00
31.58,168.75,0.00
31.58,175.00,0.00
31.58,181.25,0.00
31.58,187.50,0.00
31.58,193.75,0.00
31.58,200.00,0.00
31.58,206.25,0.00
31.58,212.50,0.00
31.58,218.75,0.00
31.58,225.00,0.00
31.58,231.25,0.00
31.58,237.50,0.00
31.58,243.75,0.00
31.58,250.00,0.00
31.58,256.25,0.00
31.58,262.50,0.00
31.58,268.75,0.00
31.58,275.00,0.00
31.58,281.25,0.00
31.58,287.50,0.00
31.58,293.75,0.00
31.58,300.00,0.00
47.37,0.00,0.00
47.37,6.25,0.00
47.37,12.50,0.00
47.37,18.75,0.00
47.37,25.00,0.00
47.37,31.25,0.00
47.37,37.50,0.00
47.37,43.75,0.00
47.37,50.00,0.00
47.37,56.25,0.00
47.37,62.50,0.00
47.37,68.75,0.00
47.37,75.00,0.00
47.37,81.25,0.00
47.37,87.50,0.00
47.37,93.75,0.00
47.37,100.00,0.00
47.37,106.25,0.00
47.37,112.50,0.00
47.37,118.75,0.00
47.37,125.00,0.00
47.37,131.25,0.00
47.37,137.50,0.00
47.37,143.75,0.00
47.37,150.00,0.00
47.37,156.25,0.00
47.37,162.50,0.00
47.37,168.75,0.00
47.37,175.00,0.00
47.37,181.25,0.00
47.37,187.50,0.00
47.37,193.75,0.00
47.37,200.00,0.00
47.37,206.25,0.00
47.37,212.50,0.00
47.37,218.75,0.00
47.37,225.00,0.00
47.37,231.25,0.00
47.37,237.50,0.00
47.37,243.75,0.00
47.37,250.00,0.00
47.37,256.25,0.00
47.37,262.50,0.00
47.37,268.75,0.00
47.37,275.00,0.00
47.37,281.25,0.00
47.37,287.50,0.00
47.37,293.75,0.00
47.37,300.00,0.00
63.16,0.00,0.00
63.16,6.25,0.00
63.16,12.50,0.00
63.16,18.75,0.00
63.16,25.00,0.00
63.16,31.25,0.00
63.16,37.50,0.00
63.16,43.75,0.00
63.16,50.00,0.00
63.16,56.25,0.00
63.16,62.50,0.00
63.16,68.75,0.00
63.16,75.00,0.00
63.16,81.25,0.00
63.16,87.50,0.00
63.16,93.75,0.00
63.16,100.00,0.00
63.16,106.25,0.00
63.16,112.50,0.00
63.16,118.75,0.00
63.16,125.00,0.00
63.16,131.25,0.00
63.16,137.50,0.00
63.16,143.75,0.00
63.16,150.00,0.00
63.16,156.25,0.00
63.16,162.50,0.00
63.16,168.75,0.00
63.16,175.00,0.00
63.16,181.25,0.00
63.16,187.50,0.00
63.16,193.75,0.00
63.16,200.00,0.00
63.16,206.25,0.00
63.16,212.50,0.00
63.16,218.75,0.00
63.16,225.00,0.00
63.16,231.25,0.00
63.16,237.50,0.00
63.16,243.75,0.00
63.16,250.00,0.00
63.16,256.25,0.00
63.16,262.50,0.00
63.16,268.75,0.00
63.16,275.00,0.00
63.16,281.25,0.00
63.16,287.50,0.00
63.16,293.75,0.00
63.16,300.00,0.00
78.95,0.00,0.00
78.95,6.25,0.00
78.95,12.50,0.00
78.95,18.75,0.00
78.95,25.00,0.00
78.95,31.25,0.00
78.95,37.50,0.00
78.95,43.75,0.00
78.95,50.00,0.00
78.95,56.25,0.00
78.95,62.50,0.00
78.95,68.75,0.00
78.95,75.00,0.00
78.95,81.25,0.00
78.95,87.50,0.00
78.95,93.75,0.00
78.95,100.00,0.00
78.95,106.25,0.00
78.95,112.50,0.00
78.95,118.75,0.00
78.95,125.00,0.00
78.95,131.25,0.00
78.95,137.50,0.00
78.95,143.75,0.00
78.95,150.00,0.00
78.95,156.25,0.00
78.95,162.50,0.00
78.95,168.75,0.00
78.95,175.00,0.00
78.95,181.25,0.00
78.95,187.50,0.00
78.95,193.75,0.00
78.95,200.00,0.00
78.95,206.25,0.00
78.95,212.50,0.00
78.95,218.75,0.00
78.95,225.00,0.00
78.95,231.25,0.00
78.95,237.50,0.00
78.95,243.75,0.00
78.95,250.00,0.00
78.95,256.25,0.00
78.95,262.50,0.00
78.95,268.75,0.00
78.95,275.00,0.00
78.95,281.25,0.00
78.95,287.50,0.00
78.95,293.75,0.00
78.95,300.00,0.00
94.74,0.00,0.00
94.74,6.25,0.00
94.74,12.50,0.00
94.74,18.75,0.00
94.74,25.00,0.00
94.74,31.25,0.00
94.74,37.50,0.00
94.74,43.75,0.00
94.74,50.00,0.00
94.74,56.25,0.00
94.74,62.50,0.00
94.74,68.75,0.00
94.74,75.00,0.00
94.74,81.25,0.00
94.74,87.50,0.00
94.74,93.75,0.00
94.74,100.00,0.00
94.74,106.25,0.00
94.74,112.50,0.00
94.74,118.75,0.00
94.74,125.00,0.00
94.74,131.25,0.00
94.74,137.50,0.00
94.74,143.75,0.00
94.74,150.00,0.00
94.74,156.25,0.00
94.74,162.50,0.00
94.74,168.75,0.00
94.74,175.00,0.00
94.74,181.25,0.00
94.74,187.50,0.00
94.74,193.75,0.00
94.74,200.00,0.00
94.74,206.25,0.00
94.74,212.50,0.00
94.74,218.75,0.00
94.74,225.00,0.00
94.74,231.25,0.00
94.74,237.50,0.00
94.74,243.75,0.00
94.74,250.00,0.00
94.74,256.25,0.00
94.74,262.50,0.00
94.74,268.75,0.00
94.74,275.00,0.00
94.74,281.25,0.00
94.74,287.50,0.00
94.74,293.75,0.00
94.74,300.00,0.00
110.53,0.00,0.00
110.53,6.25,0.00
110.53,12.50,0.00
110.53,18.75,0.00
110.53,25.00,0.00
110.53,31.25,0.00
110.53,37.50,0.00
110.53,43.75,0.00
110.53,50.00,0.00
110.53,56.25,0.00
110.53,62.50,0.00
110.53,68.75,0.00
110.53,75.00,0.00
110.53,81.25,0.00
110.53,87.50,0.00
110.53,93.75,0.00
110.53,100.00,0.00
110.53,106.25,0.00
110.53,112.50,0.00
110.53,118.75,0.00
110.53,125.00,0.00
110.53,131.25,0.00
110.53,137.50,0.00
110.53,143.75,0.00
110.53,150.00,0.00
110.53,156.25,0.00
110.53,162.50,0.00
110.53,168.75,0.00
110.53,175.00,0.00
110.53,181.25,0.00
110.53,187.50,0.00
110.53,193.75,0.00
110.53,200.00,0.00
110.53,206.25,0.00
110.53,212.50,0.00
110.53,218.75,0.00
110.53,225.00,0.00
110.53,231.25,0.00
110.53,237.50,0.00
110.53,243.75,0.00
110.53,250.00,0.00
110.53,256.25,0.00
110.53,262.50,0.00
110.53,268.75,0.00
110.53,275.00,0.00
110.53,281.25,0.00
110.53,287.50,0.00
110.53,293.75,0.00
110.53,300.00,0.00
126.32,0.00,0.00
126.32,6.25,0.00
126.32,12.50,0.00
126.32,18.75,0.00
126.32,25.00,0.00
126.32,31.25,0.00
126.32,37.50,0.00
126.32,43.75,0.00
126.32,50.00,0.00
126.32,56.25,0.00
126.32,62.50,0.00
126.32,68.75,0.00
126.32,75.00,0.00
126.32,81.25,0.00
126.32,87.50,0.00
126.32,93.75,0.00
126.32,100.00,0.00
126.32,106.25,0.00
126.32,112.50,0.00
126.32,118.75,0.00
126.32,125.00,0.00
126.32,131.25,0.00
126.32,137.50,0.00
126.32,143.75,0.00
126.32,150.00,0.00
126.32,156.25,0.00
126.32,162.50,0.00
126.32,168.75,0.00
126.32,175.00,0.00
126.32,181.25,0.00
126.32,187.50,0.00
126.32,193.75,0.00
126.32,200.00,0.00
126.32,206.25,0.00
126.32,212.50,0.00
126.32,218.75,0.00
126.32,225.00,0.00
126.32,231.25,0.00
126.32,237.50,0.00
126.32,243.75,0.00
126.32,250.00,0.00
126.32,256.25,0.00
126.32,262.50,0.00
126.32,268.75,0.00
126.32,275.00,0.00
126.32,281.25,0.00
126.32,287.50,0.00
126.32,293.75,0.00
126.32,300.00,0.00
142.11,0.00,0.00
142.11,6.25,0.00
142.11,12.50,0.00
142.11,18.75,0.00
142.11,25.00,0.00
142.11,31.25,0.00
142.11,37.50,0.00
142.11,43.75,0.00
142.11,50.00,0.00
142.11,56.25,0.00
142.11,62.50,0.00
142.11,68.75,0.00
142.11,75.00,0.00
142.11,81.25,0.00
142.11,87.50,0.00
142.11,93.75,0.00
142.11,100.00,0.00
142.11,106.25,0.00
142.11,112.50,0.00
142.11,118.75,0.00
142.11,125.00,0.00
142.11,131.25,0.00
142.11,137.50,0.00
142.11,143.75,0.00
142.11,150.00,0.00
142.11,156.25,0.00
142.11,162.50,0.00
142.11,168.75,0.00
142.11,175.00,0.00
142.11,181.25,0.00
142.11,187.50,0.00
142.11,193.75,0.00
142.11,200.00,0.00
142.11,206.25,0.00
142.11,212.50,0.00
142.11,218.75,0.00
142.11,225.00,0.00
142.11,231.25,0.00
142.11,237.50,0.00
142.11,243.75,0.00
142.11,250.00,0.00
142.11,256.25,0.00
142.11,262.50,0.00
142.11,268.75,0.00
142.11,275.00,0.00
142.11,281.25,0.00
142.11,287.50,0.00
142.11,293.75,0.00
142.11,300.00,0.00
157.89,0.00,0.00
157.89,6.25,0.00
157.89,12.50,0.00
157.89,18.75,0.00
157.89,25.00,0.00
157.89,31.25,0.00
157.89,37.50,0.00
157.89,43.75,0.00
157.89,50.00,0.00
157.89,56.25,0.00
157.89,62.50,0.00
157.89,68.75,0.00
157.89,75.00,0.00
157.89,81.25,0.00
157.89,87.50,0.00
157.89,93.75,0.00
157.89,100.00,0.00
157.89,106.25,0.00
157.89,112.50,0.00
157.89,118.75,0.00
157.89,125.00,0.00
157.89,131.25,0.00
157.89,137.50,0.00
157.89,143.75,0.00
157.89,150.00,0.00
157.89,156.25,0.00
157.89,162.50,0.00
157.89,168.75,0.00
157.89,175.00,0.00
157.89,181.25,0.00
157.89,187.50,0.00
157.89,193.75,0.00
157.89,200.00,0.00
157.89,206.25,0.00
157.89,212.50,0.00
157.89,218.75,0.00
157.89,225.00,0.00
157.89,231.25,0.00
157.89,237.50,0.00
157.89,243.75,0.00
157.89,250.00,0.00
157.89,256.25,0.00
157.89,262.50,0.00
157.89,268.75,0.00
157.89,275.00,0.00
157.89,281.25,0.00
157.89,287.50,0.00
157.89,293.75,0.00
157.89,300.00,0.00
173.68,0.00,0.00
173.68,6.25,0.00
173.68,12.50,0.00
173.68,18.75,0.00
173.68,25.00,0.00
173.68,31.25,0.00
173.68,37.50,0.00
173.68,43.75,0.00
173.68,50.00,0.00
173.68,56.25,0.00
173.68,62.50,0.00
173.68,68.75,0.00
173.68,75.00,0.00
173.68,81.25,0.00
173.68,87.50,0.00
173.68,93.75,0.00
173.68,100.00,0.00
173.68,106.25,0.00
173.68,112.50,0.00
173.68,118.75,0.00
173.68,125.00,0.00
173.68,131.25,0.00
173.68,137.50,0.00
173.68,143.75,0.00
173.68,150.00,0.00
173.68,156.25,0.00
173.68,162.50,0.00
173.68,168.75,0.00
173.68,175.00,0.00
173.68,181.25,0.00
173.68,187.50,0.00
173.68,193.75,0.00
173.68,200.00,0.00
173.68,206.25,0.00
173.68,212.50,0.00
173.68,218.75,0.00
173.68,225.00,0.00
173.68,231.25,0.00
173.68,237.50,0.00
173.68,243.75,0.00
173.68,250.00,0.00
173.68,256.25,0.00
173.68,262.50,0.00
173.68,268.75,0.00
173.68,275.00,0.00
173.68,281.25,0.00
173.68,287.50,0.00
173.68,293.75,0.00
173.68,300.00,0.00
189.47,0.00,0.00
189.47,6.25,0.00
189.47,12.50,0.00
189.47,18.75,0.00
189.47,25.00,0.00
189.47,31.25,0.00
189.47,37.50,0.00
189.47,43.75,0.00
189.47,50.00,0.00
189.47,56.25,0.00
189.47,62.50,0.00
189.47,68.75,0.00
189.47,75.00,0.00
189.47,81.25,0.00
189.47,87.50,0.00
189.47,93.75,0.00
189.47,100.00,0.00
189.47,106.25,0.00
189.47,112.50,0.00
189.47,118.75,0.00
189.47,125.00,0.00
189.47,131.25,0.00
189.47,137.50,0.00
189.47,143.75,0.00
189.47,150.00,0.00
189.47,156.25,0.00
189.47,162.50,0.00
189.47,168.75,0.00
189.47,175.00,0.00
189.47,181.25,0.00
189.47,187.50,0.00
189.47,193.75,0.00
189.47,200.00,0.00
189.47,206.25,0.00
189.47,212.50,0.00
189.47,218.75,0.00
189.47,225.00,0.00
189.47,231.25,0.00
189.47,237.50,0.00
189.47,243.75,0.00
189.47,250.00,0.00
189.47,256.25,0.00
189.47,262.50,0.00
189.47,268.75,0.00
189.47,275.00,0.00
189.47,281.25,0.00
189.47,287.50,0.00
189.47,293.75,0.00
189.47,300.00,0.00
205.26,0.00,0.00
205.26,6.25,0.00
205.26,12.50,0.00
205.26,18.75,0.00
205.26,25.00,0.00
205.26,31.25,0.00
205.26,37.50,0.00
205.26,43.75,0.00
205.26,50.00,0.00
205.26,56.25,0.00
205.26,62.50,0.00
205.26,68.75,0.00
205.26,75.00,0.00
205.26,81.25,0.00
205.26,87.50,0.00
205.26,93.75,0.00
205.26,100.00,0.00
205.26,106.25,0.00
205.26,112.50,0.00
205.26,118.75,0.00
205.26,125.00,0.00
205.26,131.25,0.00
205.26,137.50,0.00
205.26,143.75,0.00
205.26,150.00,0.00
205.26,156.25,0.00
205.26,162.50,0.00
205.26,168.75,0.00
205.26,175.00,0.00
205.26,181.25,0.00
205.26,187.50,0.00
205.26,193.75,0.00
205.26,200.00,0.00
205.26,206.25,0.00
205.26,212.50,0.00
205.26,218.75,0.00
205.26,225.00,0.00
205.26,231.25,0.00
205.26,237.50,0.00
205.26,243.75,0.00
205.26,250.00,0.00
205.26,256.25,0.00
205.26,262.50,0.00
205.26,268.75,0.00
205.26,275.00,0.00
205.26,281.25,0.00
205.26,287.50,0.00
205.26,293.75,0.00
205.26,300.00,0.00
221.05,0.00,0.00
221.05,6.25,0.00
221.05,12.50,0.00
221.05,18.75,0.00
221.05,25.00,0.00
221.05,31.25,0.00
221.05,37.50,0.00
221.05,43.75,0.00
221.05,50.00,0.00
221.05,56.25,0.00
221.05,62.50,0.00
221.05,68.75,0.00
221.05,75.00,0.00
221.05,81.25,0.00
221.05,87.50,0.00
221.05,93.75,0.00
221.05,100.00,0.00
221.05,106.25,0.00
221.05,112.50,0.00
221.05,118.75,0.00
221.05,125.00,0.00
221.05,131.25,0.00
221.05,137.50,0.00
221.05,143.75,0.00
221.05,150.00,0.00
221.05,156.25,0.00
221.05,162.50,0.00
221.05,168.75,0.00
221.05,175.00,0.00
221.05,181.25,0.00
221.05,187.50,0.00
221.05,193.75,0.00
221.05,200.00,0.00
221.05,206.25,0.00
221.05,212.50,0.00
221.05,218.75,0.00
221.05,225.00,0.00
221.05,231.25,0.00
221.05,237.50,0.00
221.05,243.75,0.00
221.05,250.00,0.00
221.05,256.25,0.00
221.05,262.50,0.00
221.05,268.75,0.00
221.05,275.00,0.00
221.05,281.25,0.00
221.05,287.50,0.00
221.05,293.75,0.00
221.05,300.00,0.00
236.84,0.00,0.00
236.84,6.25,0.00
236.84,12.50,0.00
236.84,18.75,0.00
236.84,25.00,0.00
236.84,31.25,0.00
236.84,37.50,0.00
236.84,43.75,0.00
236.84,50.00,0.00
236.84,56.25,0.00
236.84,62.50,0.00
236.84,68.75,0.00
236.84,75.00,0.00
236.84,81.25,0.00
236.84,87.50,0.00
236.84,93.75,0.00
236.84,100.00,0.00
236.84,106.25,0.00
236.84,112.50,0.00
236.84,118.75,0.00
236.84,125.00,0.00
236.84,131.25,0.00
236.84,137.50,0.00
236.84,143.75,0.00
236.84,150.00,0.00
236.84,156.25,0.00
236.84,162.50,0.00
236.84,168.75,0.00
236.84,175.00,0.00
236.84,181.25,0.00
236.84,187.50,0.00
236.84,193.75,0.00
236.84,200.00,0.00
236.84,206.25,0.00
236.84,212.50,0.00
236.84,218.75,0.00
236.84,225.00,0.00
236.84,231.25,0.00
236.84,237.50,0.00
236.84,243.75,0.00
236.84,250.00,0.00
236.84,256.25,0.00
236.84,262.50,0.00
236.84,268.75,0.00
236.84,275.00,0.00
236.84,281.25,0.00
236.84,287.50,0.00
236.84,293.75,0.00
236.84,300.00,0.00
252.63,0.00,0.00
252.63,6.25,0.00
252.63,12.50,0.00
252.63,18.75,0.00
252.63,25.00,0.00
252.63,31.25,0.00
252.63,37.50,0.00
252.63,43.75,0.00
252.63,50.00,0.00
252.63,56.25,0.00
252.63,62.50,0.00
252.63,68.75,0.00
252.63,75.00,0.00
252.63,81.25,0.00
252.63,87.50,0.00
252.63,93.75,0.00
252.63,100.00,0.00
252.63,106.25,0.00
252.63,112.50,0.00
252.63,118.75,0.00
252.63,125.00,0.00
252.63,131.25,0.00
252.63,137.50,0.00
252.63,143.75,0.00
252.63,150.00,0.00
252.63,156.25,0.00
252.63,162.50,0.00
252.63,168.75,0.00
252.63,175.00,0.00
252.63,181.25,0.00
252.63,187.50,0.00
252.63,193.75,0.00
252.63,200.00,0.00
252.63,206.25,0.00
252.63,212.50,0.00
252.63,218.75,0.00
252.63,225.00,0.00
252.63,231.25,0.00
252.63,237.50,0.00
252.63,243.75,0.00
252.63,250.00,0.00
252.63,256.25,0.00
252.63,262.50,0.00
252.63,268.75,0.00
252.63,275.00,0.00
252.63,281.25,0.00
252.63,287.50,0.00
252.63,293.75,0.00
252.63,300.00,0.00
268.42,0.00,0.00
268.42,6.25,0.00
268.42,12.50,0.00
268.42,18.75,0.00
268.42,25.00,0.00
268.42,31.25,0.00
268.42,37.50,0.00
268.42,43.75,0.00
268.42,50.00,0.00
268.42,56.25,0.00
268.42,62.50,0.00
268.42,68.75,0.00
268.42,75.00,0.00
268.42,81.25,0.00
268.42,87.50,0.00
268.42,93.75,0.00
268.42,100.00,0.00
268.42,106.25,0.00
268.42,112.50,0.00
268.42,118.75,0.00
268.42,125.00,0.00
268.42,131.25,0.00
268.42,137.50,0.00
268.42,143.75,0.00
268.42,150.00,0.00
268.42,156.25,0.00
268.42,162.50,0.00
268.42,168.75,0.00
268.42,175.00,0.00
268.42,181.25,0.00
268.42,187.50,0.00
268.42,193.75,0.00
268.42,200.00,0.00
268.42,206.25,0.00
268.42,212.50,0.00
268.42,218.75,0.00
268.42,225.00,0.00
268.42,231.25,0.00
268.42,237.50,0.00
268.42,243.75,0.00
268.42,250.00,0.00
268.42,256.25,0.00
268.42,262.50,0.00
268.42,268.75,0.00
268.42,275.00,0.00
268.42,281.25,0.00
268.42,287.50,0.00
268.42,293.75,0.00
268.42,300.00,0.00
284.21,0.00,0.00
284.21,6.25,0.00
284.21,12.50,0.00
284.21,18.75,0.00
284.21,25.00,0.00
284.21,31.25,0.00
284.21,37.50,0.00
284.21,43.75,0.00
284.21,50.00,0.00
284.21,56.25,0.00
284.21,62.50,0.00
284.21,68.75,0.00
284.21,75.00,0.00
284.21,81.25,0.00
284.21,87.50,0.00
284.21,93.75,0.00
284.21,100.00,0.00
284.21,106.25,0.00
284.21,112.50,0.00
284.21,118.75,0.00
284.21,125.00,0.00
284.21,131.25,0.00
284.21,137.50,0.00
284.21,143.75,0.00
284.21,150.00,0.00
284.21,156.25,0.00
284.21,162.50,0.00
284.21,168.75,0.00
284.21,175.00,0.00
284.21,181.25,0.00
284.21,187.50,0.00
284.21,193.75,0.00
284.21,200.00,0.00
284.21,206.25,0.00
284.21,212.50,0.00
284.21,218.75,0.00
284.21,225.00,0.00
284.21,231.25,0.00
284.21,237.50,0.00
284.21,243.75,0.00
284.21,250.00,0.00
284.21,256.25,0.00
284.21,262.50,0.00
284.21,268.75,0.00
284.21,275.00,0.00
284.21,281.25,0.00
284.21,287.50,0.00
284.21,293.75,0.00
284.21,300.00,0.00
300.00,0.00,0.00
300.00,6.25,0.00
300.00,12.50,0.00
300.00,18.75,0.00
300.00,25.00,0.00
300.00,31.25,0.00
300.00,37.50,0.00
300.00,43.75,0.00
300.00,50.00,0.00
300.00,56.25,0.00
300.00,62.50,0.00
300.00,68.75,0.00
300.00,75.00,0.00
300.00,81.25,0.00
300.00,87.50,0.00
300.00,93.75,0.00
300.00,100.00,0.00
300.00,106.25,0.00
300.00,112.50,0.00
300.00,118.75,0.00
300.00,125.00,0.00
300.00,131.25,0.00
300.00,137.50,0.00
300.00,143.75,0.00
300.00,150.00,0.00
300.00,156.25,0.00
300.00,162.50,0.00
300.00,168.75,0.00
300.00,175.00,0.00
300.00,181.25,0.00
300.00,187.50,0.00
300.00,193.75,0.00
300.00,200.00,0.00
300.00,206.25,0.00
300.00,212.50,0.00
300.00,218.75,0.00
300.00,225.00,0.00
300.00,231.25,0.00
300.00,237.50,0.00
300.00,243.75,0.00
300.00,250.00,0.00
300.00,256.25,0.00
300.00,262.50,0.00
300.00,268.75,0.00
300.00,275.00,0.00
300.00,281.25,0.00
300.00,287.50,0.00
300.00,293.75,0.00
300.00,300.00,0.00