0.00,0.00,0.00
0.00,17.65,0.00
0.00,35.29,0.00
0.00,52.94,0.00
0.00,70.59,0.00
0.00,88.24,0.00
0.00,105.88,0.00
0.00,123.53,0.00
0.00,141.18,0.00
0.00,158.82,0.00
0.00,176.47,0.00
0.00,194.12,0.00
0.00,211.76,0.00
0.00,229.41,0.00
0.00,247.06,0.00
0.00,264.71,0.00
0.00,282.35,0.00
0.00,300.00,0.00
10.71,0.00,0.00
10.71,17.65,0.00
10.71,35.29,0.00
10.71,52.94,0.00
10.71,70.59,0.00
10.71,88.24,0.00
10.71,105.88,0.00
10.71,123.53,0.00
10.71,141.18,0.00
10.71,158.82,0.00
10.71,176.47,0.00
10.71,194.12,0.00
10.71,211.76,0.00
10.71,229.41,0.00
10.71,247.06,0.00
10.71,264.71,0.00
10.71,282.35,0.00
10.71,300.00,0.00
21.43,0.00,0.00
21.43,17.65,0.00
21.43,35.29,0.00
21.43,52.94,0.00
21.43,70.59,0.00
21.43,88.24,0.00
21.43,105.88,0.00
21.43,123.53,0.00
21.43,141.18,0.00
21.43,158.82,0.00
21.43,176.47,0.00
21.43,194.12,0.00
21.43,211.76,0.00
21.43,229.41,0.00
21.43,247.06,0.00
21.43,264.71,0.00
21.43,282.35,0.00
21.43,300.00,0.00
32.14,0.00,0.00
32.14,17.65,0.00
32.14,35.29,0.00
32.14,52.94,0.00
32.14,70.59,0.00
32.14,88.24,0.00
32.14,105.88,0.00
32.14,123.53,0.00
32.14,141.18,0.00
32.14,158.82,0.00
32.14,176.47,0.00
32.14,194.12,0.00
32.14,211.76,0.00
32.14,229.41,0.00
32.14,247.06,0.00
32.14,264.71,0.00
32.14,282.35,0.00
32.14,300.00,0.00
42.86,0.00,0.00
42.86,17.65,0.00
42.86,35.29,0.00
42.86,52.94,0.00
42.86,70.59,0.00
42.86,88.24,0.00
42.86,105.88,0.00
42.86,123.53,0.00
42.86,141.18,0.00
42.86,158.82,0.00
42.86,176.47,0.00
42.86,194.12,0.00
42.86,211.76,0.00
42.86,229.41,0.00
42.86,247.06,0.00
42.86,264.71,0.00
42.86,282.35,0.00
42.86,300.00,0.00
53.57,0.00,0.00
53.57,17.65,0.00
53.57,35.29,0.00
53.57,52.94,0.00
53.57,70.59,0.00
53.57,88.24,0.00
53.57,105.88,0.00
53.57,123.53,0.00
53.57,141.18,0.00
53.57,158.82,0.00
53.57,176.47,0.00
53.57,194.12,0.00
53.57,211.76,0.00
53.57,229.41,0.00
53.57,247.06,0.00
53.57,264.71,0.00
53.57,282.35,0.00
53.57,300.00,0.00
64.29,0.00,0.00
64.29,17.65,0.00
64.29,35.29,0.00
64.29,52.94,0.00
64.29,70.59,0.00
64.29,88.24,0.00
64.29,105.88,0.00
64.29,123.53,0.00
64.29,141.18,0.00
64.29,158.82,0.00
64.29,176.47,0.00
64.29,194.12,0.00
64.29,211.76,0.00
64.29,229.41,0.00
64.29,247.06,0.00
64.29,264.71,0.00
64.29,282.35,0.00
64.29,300.00,0.00
75.00,0.00,0.00
75.00,17.65,0.00
75.00,35.29,0.00
75.00,52.94,0.00
75.00,70.59,0.00
75.00,88.24,0.00
75.00,105.88,0.00
75.00,123.53,0.00
75.00,141.18,0.00
75.00,158.82,0.00
75.00,176.47,0.00
75.00,194.12,0.00
75.00,211.76,0.00
75.00,229.41,0.00
75.00,247.06,0.00
75.00,264.71,0.00
75.00,282.35,0.00
75.00,300.00,0.00
85.71,0.00,0.00
85.71,17.65,0.00
85.71,35.29,0.00
85.71,52.94,0.00
85.71,70.59,0.00
85.71,88.24,0.00
85.71,105.88,0.00
85.71,123.53,0.00
85.71,141.18,0.00
85.71,158.82,0.00
85.71,176.47,0.00
85.71,194.12,0.00
85.71,211.76,0.00
85.71,229.41,0.00
85.71,247.06,0.00
85.71,264.71,0.00
85.71,282.35,0.00
85.71,300.00,0.00
96.43,0.00,0.00
96.43,17.65,0.00
96.43,35.29,0.00
96.43,52.94,0.00
96.43,70.59,0.00
96.43,88.24,0.00
96.43,105.88,0.00
96.43,123.53,0.00
96.43,141.18,0.00
96.43,158.82,0.00
96.43,176.47,0.00
96.43,194.12,0.00
96.43,211.76,0.00
96.43,229.41,0.00
96.43,247.06,0.00
96.43,264.71,0.00
96.43,282.35,0.00
96.43,300.00,0.00
107.14,0.00,0.00
107.14,17.65,0.00
107.14,35.29,0.00
107.14,52.94,0.00
107.14,70.59,0.00
107.14,88.24,0.00
107.14,105.88,0.00
107.14,123.53,0.00
107.14,141.18,0.00
107.14,158.82,0.00
107.14,176.47,0.00
107.14,194.12,0.00
107.14,211.76,0.00
107.14,229.41,0.00
107.14,247.06,0.00
107.14,264.71,0.00
107.14,282.35,0.00
107.14,300.00,0.00
117.86,0.00,0.00
117.86,17.65,0.00
117.86,35.29,0.00
117.86,52.94,0.00
117.86,70.59,0.00
117.86,88.24,0.00
117.86,105.88,0.00
117.86,123.53,0.00
117.86,141.18,0.00
117.86,158.82,0.00
117.86,176.47,0.00
117.86,194.12,0.00
117.86,211.76,0.00
117.86,229.41,0.00
117.86,247.06,0.00
117.86,264.71,0.00
117.86,282.35,0.00
117.86,300.00,0.00
128.57,0.00,0.00
128.57,17.65,0.00
128.57,35.29,0.00
128.57,52.94,0.00
128.57,70.59,0.00
128.57,88.24,0.00
128.57,105.88,0.00
128.57,123.53,0.00
128.57,141.18,0.00
128.57,158.82,0.00
128.57,176.47,0.00
128.57,194.12,0.00
128.57,211.76,0.00
128.57,229.41,0.00
128.57,247.06,0.00
128.57,264.71,0.00
128.57,282.35,0.00
128.57,300.00,0.00
139.29,0.00,0.00
139.29,17.65,0.00
139.29,35.29,0.00
139.29,52.94,0.00
139.29,70.59,0.00
139.29,88.24,0.00
139.29,105.88,0.00
139.29,123.53,0.00
139.29,141.18,0.00
139.29,158.82,0.00
139.29,176.47,0.00
139.29,194.12,0.00
139.29,211.76,0.00
139.29,229.41,0.00
139.29,247.06,0.00
139.29,264.71,0.00
139.29,282.35,0.00
139.29,300.00,0.00
150.00,0.00,0.00
150.00,17.65,0.00
150.00,35.29,0.00
150.00,52.94,0.00
150.00,70.59,0.00
150.00,88.24,0.00
150.00,105.88,0.00
150.00,123.53,0.00
150.00,141.18,0.00
150.00,158.82,0.00
150.00,176.47,0.00
150.00,194.12,0.00
150.00,211.76,0.00
150.00,229.41,0.00
150.00,247.06,0.00
150.00,264.71,0.00
150.00,282.35,0.00
150.00,300.00,0.00
160.71,0.00,0.00
160.71,17.65,0.00
160.71,35.29,0.00
160.71,52.94,0.00
160.71,70.59,0.00
160.71,88.24,0.00
160.71,105.88,0.00
160.71,123.53,0.00
160.71,141.18,0.00
160.71,158.82,0.00
160.71,176.47,0.00
160.71,194.12,0.00
160.71,211.76,0.00
160.71,229.41,0.00
160.71,247.06,0.00
160.71,264.71,0.00
160.71,282.35,0.00
160.71,300.00,0.00
171.43,0.00,0.00
171.43,17.65,0.00
171.43,35.29,0.00
171.43,52.94,0.00
171.43,70.59,0.00
171.43,88.24,0.00
171.43,105.88,0.00
171.43,123.53,0.00
171.43,141.18,0.00
171.43,158.82,0.00
171.43,176.47,0.00
171.43,194.12,0.00
171.43,211.76,0.00
171.43,229.41,0.00
171.43,247.06,0.00
171.43,264.71,0.00
171.43,282.35,0.00
171.43,300.00,0.00
182.14,0.00,0.00
182.14,17.65,0.00
182.14,35.29,0.00
182.14,52.94,0.00
182.14,70.59,0.00
182.14,88.24,0.00
182.14,105.88,0.00
182.14,123.53,0.00
182.14,141.18,0.00
182.14,158.82,0.00
182.14,176.47,0.00
182.14,194.12,0.00
182.14,211.76,0.00
182.14,229.41,0.00
182.14,247.06,0.00
182.14,264.71,0.00
182.14,282.35,0.00
182.14,300.00,0.00
192.86,0.00,0.00
192.86,17.65,0.00
192.86,35.29,0.00
192.86,52.94,0.00
192.86,70.59,0.00
192.86,88.24,0.00
192.86,105.88,0.00
192.86,123.53,0.00
192.86,141.18,0.00
192.86,158.82,0.00
192.86,176.47,0.00
192.86,194.12,0.00
192.86,211.76,0.00
192.86,229.41,0.00
192.86,247.06,0.00
192.86,264.71,0.00
192.86,282.35,0.00
192.86,300.00,0.00
203.57,0.00,0.00
203.57,17.65,0.00
203.57,35.29,0.00
203.57,52.94,0.00
203.57,70.59,0.00
203.57,88.24,0.00
203.57,105.88,0.00
203.57,123.53,0.00
203.57,141.18,0.00
203.57,158.82,0.00
203.57,176.47,0.00
203.57,194.12,0.00
203.57,211.76,0.00
203.57,229.41,0.00
203.57,247.06,0.00
203.57,264.71,0.00
203.57,282.35,0.00
203.57,300.00,0.00
214.29,0.00,0.00
214.29,17.65,0.00
214.29,35.29,0.00
214.29,52.94,0.00
214.29,70.59,0.00
214.29,88.24,0.00
214.29,105.88,0.00
214.29,123.53,0.00
214.29,141.18,0.00
214.29,158.82,0.00
214.29,176.47,0.00
214.29,194.12,0.00
214.29,211.76,0.00
214.29,229.41,0.00
214.29,247.06,0.00
214.29,264.71,0.00
214.29,282.35,0.00
214.29,300.00,0.00
225.00,0.00,0.00
225.00,17.65,0.00
225.00,35.29,0.00
225.00,52.94,0.00
225.00,70.59,0.00
225.00,88.24,0.00
225.00,105.88,0.00
225.00,123.53,0.00
225.00,141.18,0.00
225.00,158.82,0.00
225.00,176.47,0.00
225.00,194.12,0.00
225.00,211.76,0.00
225.00,229.41,0.00
225.00,247.06,0.00
225.00,264.71,0.00
225.00,282.35,0.00
225.00,300.00,0.00
235.71,0.00,0.00
235.71,17.65,0.00
235.71,35.29,0.00
235.71,52.94,0.00
235.71,70.59,0.00
235.71,88.24,0.00
235.71,105.88,0.00
235.71,123.53,0.00
235.71,141.18,0.00
235.71,158.82,0.00
235.71,176.47,0.00
235.71,194.12,0.00
235.71,211.76,0.00
235.71,229.41,0.00
235.71,247.06,0.00
235.71,264.71,0.00
235.71,282.35,0.00
235.71,300.00,0.00
246.43,0.00,0.00
246.43,17.65,0.00
246.43,35.29,0.00
246.43,52.94,0.00
246.43,70.59,0.00
246.43,88.24,0.00
246.43,105.88,0.00
246.43,123.53,0.00
246.43,141.18,0.00
246.43,158.82,0.00
246.43,176.47,0.00
246.43,194.12,0.00
246.43,211.76,0.00
246.43,229.41,0.00
246.43,247.06,0.00
246.43,264.71,0.00
246.43,282.35,0.00
246.43,300.00,0.00
257.14,0.00,0.00
257.14,17.65,0.00
257.14,35.29,0.00
257.14,52.94,0.00
257.14,70.59,0.00
257.14,88.24,0.00
257.14,105.88,0.00
257.14,123.53,0.00
257.14,141.18,0.00
257.14,158.82,0.00
257.14,176.47,0.00
257.14,194.12,0.00
257.14,211.76,0.00
257.14,229.41,0.00
257.14,247.06,0.00
257.14,264.71,0.00
257.14,282.35,0.00
257.14,300.00,0.00
267.86,0.00,0.00
267.86,17.65,0.00
267.86,35.29,0.00
267.86,52.94,0.00
267.86,70.59,0.00
267.86,88.24,0.00
267.86,105.88,0.00
267.86,123.53,0.00
267.86,141.18,0.00
267.86,158.82,0.00
267.86,176.47,0.00
267.86,194.12,0.00
267.86,211.76,0.00
267.86,229.41,0.00
267.86,247.06,0.00
267.86,264.71,0.00
267.86,282.35,0.00
267.86,300.00,0.00
278.57,0.00,0.00
278.57,17.65,0.00
278.57,35.29,0.00
278.57,52.94,0.00
278.57,70.59,0.00
278.57,88.24,0.00
278.57,105.88,0.00
278.57,123.53,0.00
278.57,141.18,0.00
278.57,158.82,0.00
278.57,176.47,0.00
278.57,194.12,0.00
278.57,211.76,0.00
278.57,229.41,0.00
278.57,247.06,0.00
278.57,264.71,0.00
278.57,282.35,0.00
278.57,300.00,0.00
289.29,0.00,0.00
289.29,17.65,0.00
289.29,35.29,0.00
289.29,52.94,0.00
289.29,70.59,0.00
289.29,88.24,0.00
289.29,105.88,0.00
289.29,123.53,0.00
289.29,141.18,0.00
289.29,158.82,0.00
289.29,176.47,0.00
289.29,194.12,0.00
289.29,211.76,0.00
289.29,229.41,0.00
289.29,247.06,0.00
289.29,264.71,0.00
289.29,282.35,0.00
289.29,300.00,0.00
300.00,0.00,0.00
300.00,17.65,0.00
300.00,35.29,0.00
300.00,52.94,0.00
300.00,70.59,0.00
300.00,88.24,0.00
300.00,105.88,0.00
300.00,123.53,0.00
300.00,141.18,0.00
300.00,158.82,0.00
300.00,176.47,0.00
300.00,194.12,0.00
300.00,211.76,0.00
300.00,229.41,0.00
300.00,247.06,0.00
300.00,264.71,0.00
300.00,282.35,0.00
300.00,300.00,0.00